/*--------------------------------*- C++ -*----------------------------------*\
  =========                 |
  \\      /  F ield         | OpenFOAM: The Open Source CFD Toolbox
   \\    /   O peration     | Website:  https://openfoam.org
    \\  /    A nd           | Version:  7
     \\/     M anipulation  |
\*---------------------------------------------------------------------------*/
FoamFile
{
    version     2.0;
    format      ascii;
    class       faceList;
    location    "constant/polyMesh";
    object      faces;
}
// * * * * * * * * * * * * * * * * * * * * * * * * * * * * * * * * * * * * * //


1240
(
4(1 32 373 342)
4(31 372 373 32)
4(2 33 374 343)
4(32 373 374 33)
4(3 34 375 344)
4(33 374 375 34)
4(4 35 376 345)
4(34 375 376 35)
4(5 36 377 346)
4(35 376 377 36)
4(6 37 378 347)
4(36 377 378 37)
4(7 38 379 348)
4(37 378 379 38)
4(8 39 380 349)
4(38 379 380 39)
4(9 40 381 350)
4(39 380 381 40)
4(10 41 382 351)
4(40 381 382 41)
4(11 42 383 352)
4(41 382 383 42)
4(12 43 384 353)
4(42 383 384 43)
4(13 44 385 354)
4(43 384 385 44)
4(14 45 386 355)
4(44 385 386 45)
4(15 46 387 356)
4(45 386 387 46)
4(16 47 388 357)
4(46 387 388 47)
4(17 48 389 358)
4(47 388 389 48)
4(18 49 390 359)
4(48 389 390 49)
4(19 50 391 360)
4(49 390 391 50)
4(20 51 392 361)
4(50 391 392 51)
4(21 52 393 362)
4(51 392 393 52)
4(22 53 394 363)
4(52 393 394 53)
4(23 54 395 364)
4(53 394 395 54)
4(24 55 396 365)
4(54 395 396 55)
4(25 56 397 366)
4(55 396 397 56)
4(26 57 398 367)
4(56 397 398 57)
4(27 58 399 368)
4(57 398 399 58)
4(28 59 400 369)
4(58 399 400 59)
4(29 60 401 370)
4(59 400 401 60)
4(60 401 402 61)
4(32 63 404 373)
4(62 403 404 63)
4(33 64 405 374)
4(63 404 405 64)
4(34 65 406 375)
4(64 405 406 65)
4(35 66 407 376)
4(65 406 407 66)
4(36 67 408 377)
4(66 407 408 67)
4(37 68 409 378)
4(67 408 409 68)
4(38 69 410 379)
4(68 409 410 69)
4(39 70 411 380)
4(69 410 411 70)
4(40 71 412 381)
4(70 411 412 71)
4(41 72 413 382)
4(71 412 413 72)
4(42 73 414 383)
4(72 413 414 73)
4(43 74 415 384)
4(73 414 415 74)
4(44 75 416 385)
4(74 415 416 75)
4(45 76 417 386)
4(75 416 417 76)
4(46 77 418 387)
4(76 417 418 77)
4(47 78 419 388)
4(77 418 419 78)
4(48 79 420 389)
4(78 419 420 79)
4(49 80 421 390)
4(79 420 421 80)
4(50 81 422 391)
4(80 421 422 81)
4(51 82 423 392)
4(81 422 423 82)
4(52 83 424 393)
4(82 423 424 83)
4(53 84 425 394)
4(83 424 425 84)
4(54 85 426 395)
4(84 425 426 85)
4(55 86 427 396)
4(85 426 427 86)
4(56 87 428 397)
4(86 427 428 87)
4(57 88 429 398)
4(87 428 429 88)
4(58 89 430 399)
4(88 429 430 89)
4(59 90 431 400)
4(89 430 431 90)
4(60 91 432 401)
4(90 431 432 91)
4(91 432 433 92)
4(63 94 435 404)
4(93 434 435 94)
4(64 95 436 405)
4(94 435 436 95)
4(65 96 437 406)
4(95 436 437 96)
4(66 97 438 407)
4(96 437 438 97)
4(67 98 439 408)
4(97 438 439 98)
4(68 99 440 409)
4(98 439 440 99)
4(69 100 441 410)
4(99 440 441 100)
4(70 101 442 411)
4(100 441 442 101)
4(71 102 443 412)
4(101 442 443 102)
4(72 103 444 413)
4(102 443 444 103)
4(73 104 445 414)
4(103 444 445 104)
4(74 105 446 415)
4(104 445 446 105)
4(75 106 447 416)
4(105 446 447 106)
4(76 107 448 417)
4(106 447 448 107)
4(77 108 449 418)
4(107 448 449 108)
4(78 109 450 419)
4(108 449 450 109)
4(79 110 451 420)
4(109 450 451 110)
4(80 111 452 421)
4(110 451 452 111)
4(81 112 453 422)
4(111 452 453 112)
4(82 113 454 423)
4(112 453 454 113)
4(83 114 455 424)
4(113 454 455 114)
4(84 115 456 425)
4(114 455 456 115)
4(85 116 457 426)
4(115 456 457 116)
4(86 117 458 427)
4(116 457 458 117)
4(87 118 459 428)
4(117 458 459 118)
4(88 119 460 429)
4(118 459 460 119)
4(89 120 461 430)
4(119 460 461 120)
4(90 121 462 431)
4(120 461 462 121)
4(91 122 463 432)
4(121 462 463 122)
4(122 463 464 123)
4(94 125 466 435)
4(124 465 466 125)
4(95 126 467 436)
4(125 466 467 126)
4(96 127 468 437)
4(126 467 468 127)
4(97 128 469 438)
4(127 468 469 128)
4(98 129 470 439)
4(128 469 470 129)
4(99 130 471 440)
4(129 470 471 130)
4(100 131 472 441)
4(130 471 472 131)
4(101 132 473 442)
4(131 472 473 132)
4(102 133 474 443)
4(132 473 474 133)
4(103 134 475 444)
4(133 474 475 134)
4(104 135 476 445)
4(134 475 476 135)
4(105 136 477 446)
4(135 476 477 136)
4(106 137 478 447)
4(136 477 478 137)
4(107 138 479 448)
4(137 478 479 138)
4(108 139 480 449)
4(138 479 480 139)
4(109 140 481 450)
4(139 480 481 140)
4(110 141 482 451)
4(140 481 482 141)
4(111 142 483 452)
4(141 482 483 142)
4(112 143 484 453)
4(142 483 484 143)
4(113 144 485 454)
4(143 484 485 144)
4(114 145 486 455)
4(144 485 486 145)
4(115 146 487 456)
4(145 486 487 146)
4(116 147 488 457)
4(146 487 488 147)
4(117 148 489 458)
4(147 488 489 148)
4(118 149 490 459)
4(148 489 490 149)
4(119 150 491 460)
4(149 490 491 150)
4(120 151 492 461)
4(150 491 492 151)
4(121 152 493 462)
4(151 492 493 152)
4(122 153 494 463)
4(152 493 494 153)
4(153 494 495 154)
4(125 156 497 466)
4(155 496 497 156)
4(126 157 498 467)
4(156 497 498 157)
4(127 158 499 468)
4(157 498 499 158)
4(128 159 500 469)
4(158 499 500 159)
4(129 160 501 470)
4(159 500 501 160)
4(130 161 502 471)
4(160 501 502 161)
4(131 162 503 472)
4(161 502 503 162)
4(132 163 504 473)
4(162 503 504 163)
4(133 164 505 474)
4(163 504 505 164)
4(134 165 506 475)
4(164 505 506 165)
4(135 166 507 476)
4(165 506 507 166)
4(136 167 508 477)
4(166 507 508 167)
4(137 168 509 478)
4(167 508 509 168)
4(138 169 510 479)
4(168 509 510 169)
4(139 170 511 480)
4(169 510 511 170)
4(140 171 512 481)
4(170 511 512 171)
4(141 172 513 482)
4(171 512 513 172)
4(142 173 514 483)
4(172 513 514 173)
4(143 174 515 484)
4(173 514 515 174)
4(144 175 516 485)
4(174 515 516 175)
4(145 176 517 486)
4(175 516 517 176)
4(146 177 518 487)
4(176 517 518 177)
4(147 178 519 488)
4(177 518 519 178)
4(148 179 520 489)
4(178 519 520 179)
4(149 180 521 490)
4(179 520 521 180)
4(150 181 522 491)
4(180 521 522 181)
4(151 182 523 492)
4(181 522 523 182)
4(152 183 524 493)
4(182 523 524 183)
4(153 184 525 494)
4(183 524 525 184)
4(184 525 526 185)
4(156 187 528 497)
4(186 527 528 187)
4(157 188 529 498)
4(187 528 529 188)
4(158 189 530 499)
4(188 529 530 189)
4(159 190 531 500)
4(189 530 531 190)
4(160 191 532 501)
4(190 531 532 191)
4(161 192 533 502)
4(191 532 533 192)
4(162 193 534 503)
4(192 533 534 193)
4(163 194 535 504)
4(193 534 535 194)
4(164 195 536 505)
4(194 535 536 195)
4(165 196 537 506)
4(195 536 537 196)
4(166 197 538 507)
4(196 537 538 197)
4(167 198 539 508)
4(197 538 539 198)
4(168 199 540 509)
4(198 539 540 199)
4(169 200 541 510)
4(199 540 541 200)
4(170 201 542 511)
4(200 541 542 201)
4(171 202 543 512)
4(201 542 543 202)
4(172 203 544 513)
4(202 543 544 203)
4(173 204 545 514)
4(203 544 545 204)
4(174 205 546 515)
4(204 545 546 205)
4(175 206 547 516)
4(205 546 547 206)
4(176 207 548 517)
4(206 547 548 207)
4(177 208 549 518)
4(207 548 549 208)
4(178 209 550 519)
4(208 549 550 209)
4(179 210 551 520)
4(209 550 551 210)
4(180 211 552 521)
4(210 551 552 211)
4(181 212 553 522)
4(211 552 553 212)
4(182 213 554 523)
4(212 553 554 213)
4(183 214 555 524)
4(213 554 555 214)
4(184 215 556 525)
4(214 555 556 215)
4(215 556 557 216)
4(187 218 559 528)
4(217 558 559 218)
4(188 219 560 529)
4(218 559 560 219)
4(189 220 561 530)
4(219 560 561 220)
4(190 221 562 531)
4(220 561 562 221)
4(191 222 563 532)
4(221 562 563 222)
4(192 223 564 533)
4(222 563 564 223)
4(193 224 565 534)
4(223 564 565 224)
4(194 225 566 535)
4(224 565 566 225)
4(195 226 567 536)
4(225 566 567 226)
4(196 227 568 537)
4(226 567 568 227)
4(197 228 569 538)
4(227 568 569 228)
4(198 229 570 539)
4(228 569 570 229)
4(199 230 571 540)
4(229 570 571 230)
4(200 231 572 541)
4(230 571 572 231)
4(201 232 573 542)
4(231 572 573 232)
4(202 233 574 543)
4(232 573 574 233)
4(203 234 575 544)
4(233 574 575 234)
4(204 235 576 545)
4(234 575 576 235)
4(205 236 577 546)
4(235 576 577 236)
4(206 237 578 547)
4(236 577 578 237)
4(207 238 579 548)
4(237 578 579 238)
4(208 239 580 549)
4(238 579 580 239)
4(209 240 581 550)
4(239 580 581 240)
4(210 241 582 551)
4(240 581 582 241)
4(211 242 583 552)
4(241 582 583 242)
4(212 243 584 553)
4(242 583 584 243)
4(213 244 585 554)
4(243 584 585 244)
4(214 245 586 555)
4(244 585 586 245)
4(215 246 587 556)
4(245 586 587 246)
4(246 587 588 247)
4(218 249 590 559)
4(248 589 590 249)
4(219 250 591 560)
4(249 590 591 250)
4(220 251 592 561)
4(250 591 592 251)
4(221 252 593 562)
4(251 592 593 252)
4(222 253 594 563)
4(252 593 594 253)
4(223 254 595 564)
4(253 594 595 254)
4(224 255 596 565)
4(254 595 596 255)
4(225 256 597 566)
4(255 596 597 256)
4(226 257 598 567)
4(256 597 598 257)
4(227 258 599 568)
4(257 598 599 258)
4(228 259 600 569)
4(258 599 600 259)
4(229 260 601 570)
4(259 600 601 260)
4(230 261 602 571)
4(260 601 602 261)
4(231 262 603 572)
4(261 602 603 262)
4(232 263 604 573)
4(262 603 604 263)
4(233 264 605 574)
4(263 604 605 264)
4(234 265 606 575)
4(264 605 606 265)
4(235 266 607 576)
4(265 606 607 266)
4(236 267 608 577)
4(266 607 608 267)
4(237 268 609 578)
4(267 608 609 268)
4(238 269 610 579)
4(268 609 610 269)
4(239 270 611 580)
4(269 610 611 270)
4(240 271 612 581)
4(270 611 612 271)
4(241 272 613 582)
4(271 612 613 272)
4(242 273 614 583)
4(272 613 614 273)
4(243 274 615 584)
4(273 614 615 274)
4(244 275 616 585)
4(274 615 616 275)
4(245 276 617 586)
4(275 616 617 276)
4(246 277 618 587)
4(276 617 618 277)
4(277 618 619 278)
4(249 280 621 590)
4(279 620 621 280)
4(250 281 622 591)
4(280 621 622 281)
4(251 282 623 592)
4(281 622 623 282)
4(252 283 624 593)
4(282 623 624 283)
4(253 284 625 594)
4(283 624 625 284)
4(254 285 626 595)
4(284 625 626 285)
4(255 286 627 596)
4(285 626 627 286)
4(256 287 628 597)
4(286 627 628 287)
4(257 288 629 598)
4(287 628 629 288)
4(258 289 630 599)
4(288 629 630 289)
4(259 290 631 600)
4(289 630 631 290)
4(260 291 632 601)
4(290 631 632 291)
4(261 292 633 602)
4(291 632 633 292)
4(262 293 634 603)
4(292 633 634 293)
4(263 294 635 604)
4(293 634 635 294)
4(264 295 636 605)
4(294 635 636 295)
4(265 296 637 606)
4(295 636 637 296)
4(266 297 638 607)
4(296 637 638 297)
4(267 298 639 608)
4(297 638 639 298)
4(268 299 640 609)
4(298 639 640 299)
4(269 300 641 610)
4(299 640 641 300)
4(270 301 642 611)
4(300 641 642 301)
4(271 302 643 612)
4(301 642 643 302)
4(272 303 644 613)
4(302 643 644 303)
4(273 304 645 614)
4(303 644 645 304)
4(274 305 646 615)
4(304 645 646 305)
4(275 306 647 616)
4(305 646 647 306)
4(276 307 648 617)
4(306 647 648 307)
4(277 308 649 618)
4(307 648 649 308)
4(308 649 650 309)
4(280 311 652 621)
4(281 312 653 622)
4(282 313 654 623)
4(283 314 655 624)
4(284 315 656 625)
4(285 316 657 626)
4(286 317 658 627)
4(287 318 659 628)
4(288 319 660 629)
4(289 320 661 630)
4(290 321 662 631)
4(291 322 663 632)
4(292 323 664 633)
4(293 324 665 634)
4(294 325 666 635)
4(295 326 667 636)
4(296 327 668 637)
4(297 328 669 638)
4(298 329 670 639)
4(299 330 671 640)
4(300 331 672 641)
4(301 332 673 642)
4(302 333 674 643)
4(303 334 675 644)
4(304 335 676 645)
4(305 336 677 646)
4(306 337 678 647)
4(307 338 679 648)
4(308 339 680 649)
4(0 341 372 31)
4(31 372 403 62)
4(62 403 434 93)
4(93 434 465 124)
4(124 465 496 155)
4(155 496 527 186)
4(186 527 558 217)
4(217 558 589 248)
4(248 589 620 279)
4(279 620 651 310)
4(30 61 402 371)
4(61 92 433 402)
4(92 123 464 433)
4(123 154 495 464)
4(154 185 526 495)
4(185 216 557 526)
4(216 247 588 557)
4(247 278 619 588)
4(278 309 650 619)
4(309 340 681 650)
4(0 1 342 341)
4(1 2 343 342)
4(2 3 344 343)
4(3 4 345 344)
4(4 5 346 345)
4(5 6 347 346)
4(6 7 348 347)
4(7 8 349 348)
4(8 9 350 349)
4(9 10 351 350)
4(10 11 352 351)
4(11 12 353 352)
4(12 13 354 353)
4(13 14 355 354)
4(14 15 356 355)
4(15 16 357 356)
4(16 17 358 357)
4(17 18 359 358)
4(18 19 360 359)
4(19 20 361 360)
4(20 21 362 361)
4(21 22 363 362)
4(22 23 364 363)
4(23 24 365 364)
4(24 25 366 365)
4(25 26 367 366)
4(26 27 368 367)
4(27 28 369 368)
4(28 29 370 369)
4(29 30 371 370)
4(310 651 652 311)
4(311 652 653 312)
4(312 653 654 313)
4(313 654 655 314)
4(314 655 656 315)
4(315 656 657 316)
4(316 657 658 317)
4(317 658 659 318)
4(318 659 660 319)
4(319 660 661 320)
4(320 661 662 321)
4(321 662 663 322)
4(322 663 664 323)
4(323 664 665 324)
4(324 665 666 325)
4(325 666 667 326)
4(326 667 668 327)
4(327 668 669 328)
4(328 669 670 329)
4(329 670 671 330)
4(330 671 672 331)
4(331 672 673 332)
4(332 673 674 333)
4(333 674 675 334)
4(334 675 676 335)
4(335 676 677 336)
4(336 677 678 337)
4(337 678 679 338)
4(338 679 680 339)
4(339 680 681 340)
4(341 342 373 372)
4(372 373 404 403)
4(403 404 435 434)
4(434 435 466 465)
4(465 466 497 496)
4(496 497 528 527)
4(527 528 559 558)
4(558 559 590 589)
4(589 590 621 620)
4(620 621 652 651)
4(342 343 374 373)
4(373 374 405 404)
4(404 405 436 435)
4(435 436 467 466)
4(466 467 498 497)
4(497 498 529 528)
4(528 529 560 559)
4(559 560 591 590)
4(590 591 622 621)
4(621 622 653 652)
4(343 344 375 374)
4(374 375 406 405)
4(405 406 437 436)
4(436 437 468 467)
4(467 468 499 498)
4(498 499 530 529)
4(529 530 561 560)
4(560 561 592 591)
4(591 592 623 622)
4(622 623 654 653)
4(344 345 376 375)
4(375 376 407 406)
4(406 407 438 437)
4(437 438 469 468)
4(468 469 500 499)
4(499 500 531 530)
4(530 531 562 561)
4(561 562 593 592)
4(592 593 624 623)
4(623 624 655 654)
4(345 346 377 376)
4(376 377 408 407)
4(407 408 439 438)
4(438 439 470 469)
4(469 470 501 500)
4(500 501 532 531)
4(531 532 563 562)
4(562 563 594 593)
4(593 594 625 624)
4(624 625 656 655)
4(346 347 378 377)
4(377 378 409 408)
4(408 409 440 439)
4(439 440 471 470)
4(470 471 502 501)
4(501 502 533 532)
4(532 533 564 563)
4(563 564 595 594)
4(594 595 626 625)
4(625 626 657 656)
4(347 348 379 378)
4(378 379 410 409)
4(409 410 441 440)
4(440 441 472 471)
4(471 472 503 502)
4(502 503 534 533)
4(533 534 565 564)
4(564 565 596 595)
4(595 596 627 626)
4(626 627 658 657)
4(348 349 380 379)
4(379 380 411 410)
4(410 411 442 441)
4(441 442 473 472)
4(472 473 504 503)
4(503 504 535 534)
4(534 535 566 565)
4(565 566 597 596)
4(596 597 628 627)
4(627 628 659 658)
4(349 350 381 380)
4(380 381 412 411)
4(411 412 443 442)
4(442 443 474 473)
4(473 474 505 504)
4(504 505 536 535)
4(535 536 567 566)
4(566 567 598 597)
4(597 598 629 628)
4(628 629 660 659)
4(350 351 382 381)
4(381 382 413 412)
4(412 413 444 443)
4(443 444 475 474)
4(474 475 506 505)
4(505 506 537 536)
4(536 537 568 567)
4(567 568 599 598)
4(598 599 630 629)
4(629 630 661 660)
4(351 352 383 382)
4(382 383 414 413)
4(413 414 445 444)
4(444 445 476 475)
4(475 476 507 506)
4(506 507 538 537)
4(537 538 569 568)
4(568 569 600 599)
4(599 600 631 630)
4(630 631 662 661)
4(352 353 384 383)
4(383 384 415 414)
4(414 415 446 445)
4(445 446 477 476)
4(476 477 508 507)
4(507 508 539 538)
4(538 539 570 569)
4(569 570 601 600)
4(600 601 632 631)
4(631 632 663 662)
4(353 354 385 384)
4(384 385 416 415)
4(415 416 447 446)
4(446 447 478 477)
4(477 478 509 508)
4(508 509 540 539)
4(539 540 571 570)
4(570 571 602 601)
4(601 602 633 632)
4(632 633 664 663)
4(354 355 386 385)
4(385 386 417 416)
4(416 417 448 447)
4(447 448 479 478)
4(478 479 510 509)
4(509 510 541 540)
4(540 541 572 571)
4(571 572 603 602)
4(602 603 634 633)
4(633 634 665 664)
4(355 356 387 386)
4(386 387 418 417)
4(417 418 449 448)
4(448 449 480 479)
4(479 480 511 510)
4(510 511 542 541)
4(541 542 573 572)
4(572 573 604 603)
4(603 604 635 634)
4(634 635 666 665)
4(356 357 388 387)
4(387 388 419 418)
4(418 419 450 449)
4(449 450 481 480)
4(480 481 512 511)
4(511 512 543 542)
4(542 543 574 573)
4(573 574 605 604)
4(604 605 636 635)
4(635 636 667 666)
4(357 358 389 388)
4(388 389 420 419)
4(419 420 451 450)
4(450 451 482 481)
4(481 482 513 512)
4(512 513 544 543)
4(543 544 575 574)
4(574 575 606 605)
4(605 606 637 636)
4(636 637 668 667)
4(358 359 390 389)
4(389 390 421 420)
4(420 421 452 451)
4(451 452 483 482)
4(482 483 514 513)
4(513 514 545 544)
4(544 545 576 575)
4(575 576 607 606)
4(606 607 638 637)
4(637 638 669 668)
4(359 360 391 390)
4(390 391 422 421)
4(421 422 453 452)
4(452 453 484 483)
4(483 484 515 514)
4(514 515 546 545)
4(545 546 577 576)
4(576 577 608 607)
4(607 608 639 638)
4(638 639 670 669)
4(360 361 392 391)
4(391 392 423 422)
4(422 423 454 453)
4(453 454 485 484)
4(484 485 516 515)
4(515 516 547 546)
4(546 547 578 577)
4(577 578 609 608)
4(608 609 640 639)
4(639 640 671 670)
4(361 362 393 392)
4(392 393 424 423)
4(423 424 455 454)
4(454 455 486 485)
4(485 486 517 516)
4(516 517 548 547)
4(547 548 579 578)
4(578 579 610 609)
4(609 610 641 640)
4(640 641 672 671)
4(362 363 394 393)
4(393 394 425 424)
4(424 425 456 455)
4(455 456 487 486)
4(486 487 518 517)
4(517 518 549 548)
4(548 549 580 579)
4(579 580 611 610)
4(610 611 642 641)
4(641 642 673 672)
4(363 364 395 394)
4(394 395 426 425)
4(425 426 457 456)
4(456 457 488 487)
4(487 488 519 518)
4(518 519 550 549)
4(549 550 581 580)
4(580 581 612 611)
4(611 612 643 642)
4(642 643 674 673)
4(364 365 396 395)
4(395 396 427 426)
4(426 427 458 457)
4(457 458 489 488)
4(488 489 520 519)
4(519 520 551 550)
4(550 551 582 581)
4(581 582 613 612)
4(612 613 644 643)
4(643 644 675 674)
4(365 366 397 396)
4(396 397 428 427)
4(427 428 459 458)
4(458 459 490 489)
4(489 490 521 520)
4(520 521 552 551)
4(551 552 583 582)
4(582 583 614 613)
4(613 614 645 644)
4(644 645 676 675)
4(366 367 398 397)
4(397 398 429 428)
4(428 429 460 459)
4(459 460 491 490)
4(490 491 522 521)
4(521 522 553 552)
4(552 553 584 583)
4(583 584 615 614)
4(614 615 646 645)
4(645 646 677 676)
4(367 368 399 398)
4(398 399 430 429)
4(429 430 461 460)
4(460 461 492 491)
4(491 492 523 522)
4(522 523 554 553)
4(553 554 585 584)
4(584 585 616 615)
4(615 616 647 646)
4(646 647 678 677)
4(368 369 400 399)
4(399 400 431 430)
4(430 431 462 461)
4(461 462 493 492)
4(492 493 524 523)
4(523 524 555 554)
4(554 555 586 585)
4(585 586 617 616)
4(616 617 648 647)
4(647 648 679 678)
4(369 370 401 400)
4(400 401 432 431)
4(431 432 463 462)
4(462 463 494 493)
4(493 494 525 524)
4(524 525 556 555)
4(555 556 587 586)
4(586 587 618 617)
4(617 618 649 648)
4(648 649 680 679)
4(370 371 402 401)
4(401 402 433 432)
4(432 433 464 463)
4(463 464 495 494)
4(494 495 526 525)
4(525 526 557 556)
4(556 557 588 587)
4(587 588 619 618)
4(618 619 650 649)
4(649 650 681 680)
4(0 31 32 1)
4(31 62 63 32)
4(62 93 94 63)
4(93 124 125 94)
4(124 155 156 125)
4(155 186 187 156)
4(186 217 218 187)
4(217 248 249 218)
4(248 279 280 249)
4(279 310 311 280)
4(1 32 33 2)
4(32 63 64 33)
4(63 94 95 64)
4(94 125 126 95)
4(125 156 157 126)
4(156 187 188 157)
4(187 218 219 188)
4(218 249 250 219)
4(249 280 281 250)
4(280 311 312 281)
4(2 33 34 3)
4(33 64 65 34)
4(64 95 96 65)
4(95 126 127 96)
4(126 157 158 127)
4(157 188 189 158)
4(188 219 220 189)
4(219 250 251 220)
4(250 281 282 251)
4(281 312 313 282)
4(3 34 35 4)
4(34 65 66 35)
4(65 96 97 66)
4(96 127 128 97)
4(127 158 159 128)
4(158 189 190 159)
4(189 220 221 190)
4(220 251 252 221)
4(251 282 283 252)
4(282 313 314 283)
4(4 35 36 5)
4(35 66 67 36)
4(66 97 98 67)
4(97 128 129 98)
4(128 159 160 129)
4(159 190 191 160)
4(190 221 222 191)
4(221 252 253 222)
4(252 283 284 253)
4(283 314 315 284)
4(5 36 37 6)
4(36 67 68 37)
4(67 98 99 68)
4(98 129 130 99)
4(129 160 161 130)
4(160 191 192 161)
4(191 222 223 192)
4(222 253 254 223)
4(253 284 285 254)
4(284 315 316 285)
4(6 37 38 7)
4(37 68 69 38)
4(68 99 100 69)
4(99 130 131 100)
4(130 161 162 131)
4(161 192 193 162)
4(192 223 224 193)
4(223 254 255 224)
4(254 285 286 255)
4(285 316 317 286)
4(7 38 39 8)
4(38 69 70 39)
4(69 100 101 70)
4(100 131 132 101)
4(131 162 163 132)
4(162 193 194 163)
4(193 224 225 194)
4(224 255 256 225)
4(255 286 287 256)
4(286 317 318 287)
4(8 39 40 9)
4(39 70 71 40)
4(70 101 102 71)
4(101 132 133 102)
4(132 163 164 133)
4(163 194 195 164)
4(194 225 226 195)
4(225 256 257 226)
4(256 287 288 257)
4(287 318 319 288)
4(9 40 41 10)
4(40 71 72 41)
4(71 102 103 72)
4(102 133 134 103)
4(133 164 165 134)
4(164 195 196 165)
4(195 226 227 196)
4(226 257 258 227)
4(257 288 289 258)
4(288 319 320 289)
4(10 41 42 11)
4(41 72 73 42)
4(72 103 104 73)
4(103 134 135 104)
4(134 165 166 135)
4(165 196 197 166)
4(196 227 228 197)
4(227 258 259 228)
4(258 289 290 259)
4(289 320 321 290)
4(11 42 43 12)
4(42 73 74 43)
4(73 104 105 74)
4(104 135 136 105)
4(135 166 167 136)
4(166 197 198 167)
4(197 228 229 198)
4(228 259 260 229)
4(259 290 291 260)
4(290 321 322 291)
4(12 43 44 13)
4(43 74 75 44)
4(74 105 106 75)
4(105 136 137 106)
4(136 167 168 137)
4(167 198 199 168)
4(198 229 230 199)
4(229 260 261 230)
4(260 291 292 261)
4(291 322 323 292)
4(13 44 45 14)
4(44 75 76 45)
4(75 106 107 76)
4(106 137 138 107)
4(137 168 169 138)
4(168 199 200 169)
4(199 230 231 200)
4(230 261 262 231)
4(261 292 293 262)
4(292 323 324 293)
4(14 45 46 15)
4(45 76 77 46)
4(76 107 108 77)
4(107 138 139 108)
4(138 169 170 139)
4(169 200 201 170)
4(200 231 232 201)
4(231 262 263 232)
4(262 293 294 263)
4(293 324 325 294)
4(15 46 47 16)
4(46 77 78 47)
4(77 108 109 78)
4(108 139 140 109)
4(139 170 171 140)
4(170 201 202 171)
4(201 232 233 202)
4(232 263 264 233)
4(263 294 295 264)
4(294 325 326 295)
4(16 47 48 17)
4(47 78 79 48)
4(78 109 110 79)
4(109 140 141 110)
4(140 171 172 141)
4(171 202 203 172)
4(202 233 234 203)
4(233 264 265 234)
4(264 295 296 265)
4(295 326 327 296)
4(17 48 49 18)
4(48 79 80 49)
4(79 110 111 80)
4(110 141 142 111)
4(141 172 173 142)
4(172 203 204 173)
4(203 234 235 204)
4(234 265 266 235)
4(265 296 297 266)
4(296 327 328 297)
4(18 49 50 19)
4(49 80 81 50)
4(80 111 112 81)
4(111 142 143 112)
4(142 173 174 143)
4(173 204 205 174)
4(204 235 236 205)
4(235 266 267 236)
4(266 297 298 267)
4(297 328 329 298)
4(19 50 51 20)
4(50 81 82 51)
4(81 112 113 82)
4(112 143 144 113)
4(143 174 175 144)
4(174 205 206 175)
4(205 236 237 206)
4(236 267 268 237)
4(267 298 299 268)
4(298 329 330 299)
4(20 51 52 21)
4(51 82 83 52)
4(82 113 114 83)
4(113 144 145 114)
4(144 175 176 145)
4(175 206 207 176)
4(206 237 238 207)
4(237 268 269 238)
4(268 299 300 269)
4(299 330 331 300)
4(21 52 53 22)
4(52 83 84 53)
4(83 114 115 84)
4(114 145 146 115)
4(145 176 177 146)
4(176 207 208 177)
4(207 238 239 208)
4(238 269 270 239)
4(269 300 301 270)
4(300 331 332 301)
4(22 53 54 23)
4(53 84 85 54)
4(84 115 116 85)
4(115 146 147 116)
4(146 177 178 147)
4(177 208 209 178)
4(208 239 240 209)
4(239 270 271 240)
4(270 301 302 271)
4(301 332 333 302)
4(23 54 55 24)
4(54 85 86 55)
4(85 116 117 86)
4(116 147 148 117)
4(147 178 179 148)
4(178 209 210 179)
4(209 240 241 210)
4(240 271 272 241)
4(271 302 303 272)
4(302 333 334 303)
4(24 55 56 25)
4(55 86 87 56)
4(86 117 118 87)
4(117 148 149 118)
4(148 179 180 149)
4(179 210 211 180)
4(210 241 242 211)
4(241 272 273 242)
4(272 303 304 273)
4(303 334 335 304)
4(25 56 57 26)
4(56 87 88 57)
4(87 118 119 88)
4(118 149 150 119)
4(149 180 181 150)
4(180 211 212 181)
4(211 242 243 212)
4(242 273 274 243)
4(273 304 305 274)
4(304 335 336 305)
4(26 57 58 27)
4(57 88 89 58)
4(88 119 120 89)
4(119 150 151 120)
4(150 181 182 151)
4(181 212 213 182)
4(212 243 244 213)
4(243 274 275 244)
4(274 305 306 275)
4(305 336 337 306)
4(27 58 59 28)
4(58 89 90 59)
4(89 120 121 90)
4(120 151 152 121)
4(151 182 183 152)
4(182 213 214 183)
4(213 244 245 214)
4(244 275 276 245)
4(275 306 307 276)
4(306 337 338 307)
4(28 59 60 29)
4(59 90 91 60)
4(90 121 122 91)
4(121 152 153 122)
4(152 183 184 153)
4(183 214 215 184)
4(214 245 246 215)
4(245 276 277 246)
4(276 307 308 277)
4(307 338 339 308)
4(29 60 61 30)
4(60 91 92 61)
4(91 122 123 92)
4(122 153 154 123)
4(153 184 185 154)
4(184 215 216 185)
4(215 246 247 216)
4(246 277 278 247)
4(277 308 309 278)
4(308 339 340 309)
)


// ************************************************************************* //
