/*--------------------------------*- C++ -*----------------------------------*\
  =========                 |
  \\      /  F ield         | OpenFOAM: The Open Source CFD Toolbox
   \\    /   O peration     | Website:  https://openfoam.org
    \\  /    A nd           | Version:  7
     \\/     M anipulation  |
\*---------------------------------------------------------------------------*/
FoamFile
{
    version     2.0;
    format      ascii;
    class       labelList;
    note        "nPoints: 682 nCells: 300 nFaces: 1240 nInternalFaces: 560";
    location    "constant/polyMesh";
    object      owner;
}
// * * * * * * * * * * * * * * * * * * * * * * * * * * * * * * * * * * * * * //


1240
(
0
0
1
1
2
2
3
3
4
4
5
5
6
6
7
7
8
8
9
9
10
10
11
11
12
12
13
13
14
14
15
15
16
16
17
17
18
18
19
19
20
20
21
21
22
22
23
23
24
24
25
25
26
26
27
27
28
28
29
30
30
31
31
32
32
33
33
34
34
35
35
36
36
37
37
38
38
39
39
40
40
41
41
42
42
43
43
44
44
45
45
46
46
47
47
48
48
49
49
50
50
51
51
52
52
53
53
54
54
55
55
56
56
57
57
58
58
59
60
60
61
61
62
62
63
63
64
64
65
65
66
66
67
67
68
68
69
69
70
70
71
71
72
72
73
73
74
74
75
75
76
76
77
77
78
78
79
79
80
80
81
81
82
82
83
83
84
84
85
85
86
86
87
87
88
88
89
90
90
91
91
92
92
93
93
94
94
95
95
96
96
97
97
98
98
99
99
100
100
101
101
102
102
103
103
104
104
105
105
106
106
107
107
108
108
109
109
110
110
111
111
112
112
113
113
114
114
115
115
116
116
117
117
118
118
119
120
120
121
121
122
122
123
123
124
124
125
125
126
126
127
127
128
128
129
129
130
130
131
131
132
132
133
133
134
134
135
135
136
136
137
137
138
138
139
139
140
140
141
141
142
142
143
143
144
144
145
145
146
146
147
147
148
148
149
150
150
151
151
152
152
153
153
154
154
155
155
156
156
157
157
158
158
159
159
160
160
161
161
162
162
163
163
164
164
165
165
166
166
167
167
168
168
169
169
170
170
171
171
172
172
173
173
174
174
175
175
176
176
177
177
178
178
179
180
180
181
181
182
182
183
183
184
184
185
185
186
186
187
187
188
188
189
189
190
190
191
191
192
192
193
193
194
194
195
195
196
196
197
197
198
198
199
199
200
200
201
201
202
202
203
203
204
204
205
205
206
206
207
207
208
208
209
210
210
211
211
212
212
213
213
214
214
215
215
216
216
217
217
218
218
219
219
220
220
221
221
222
222
223
223
224
224
225
225
226
226
227
227
228
228
229
229
230
230
231
231
232
232
233
233
234
234
235
235
236
236
237
237
238
238
239
240
240
241
241
242
242
243
243
244
244
245
245
246
246
247
247
248
248
249
249
250
250
251
251
252
252
253
253
254
254
255
255
256
256
257
257
258
258
259
259
260
260
261
261
262
262
263
263
264
264
265
265
266
266
267
267
268
268
269
270
271
272
273
274
275
276
277
278
279
280
281
282
283
284
285
286
287
288
289
290
291
292
293
294
295
296
297
298
0
30
60
90
120
150
180
210
240
270
29
59
89
119
149
179
209
239
269
299
0
1
2
3
4
5
6
7
8
9
10
11
12
13
14
15
16
17
18
19
20
21
22
23
24
25
26
27
28
29
270
271
272
273
274
275
276
277
278
279
280
281
282
283
284
285
286
287
288
289
290
291
292
293
294
295
296
297
298
299
0
30
60
90
120
150
180
210
240
270
1
31
61
91
121
151
181
211
241
271
2
32
62
92
122
152
182
212
242
272
3
33
63
93
123
153
183
213
243
273
4
34
64
94
124
154
184
214
244
274
5
35
65
95
125
155
185
215
245
275
6
36
66
96
126
156
186
216
246
276
7
37
67
97
127
157
187
217
247
277
8
38
68
98
128
158
188
218
248
278
9
39
69
99
129
159
189
219
249
279
10
40
70
100
130
160
190
220
250
280
11
41
71
101
131
161
191
221
251
281
12
42
72
102
132
162
192
222
252
282
13
43
73
103
133
163
193
223
253
283
14
44
74
104
134
164
194
224
254
284
15
45
75
105
135
165
195
225
255
285
16
46
76
106
136
166
196
226
256
286
17
47
77
107
137
167
197
227
257
287
18
48
78
108
138
168
198
228
258
288
19
49
79
109
139
169
199
229
259
289
20
50
80
110
140
170
200
230
260
290
21
51
81
111
141
171
201
231
261
291
22
52
82
112
142
172
202
232
262
292
23
53
83
113
143
173
203
233
263
293
24
54
84
114
144
174
204
234
264
294
25
55
85
115
145
175
205
235
265
295
26
56
86
116
146
176
206
236
266
296
27
57
87
117
147
177
207
237
267
297
28
58
88
118
148
178
208
238
268
298
29
59
89
119
149
179
209
239
269
299
0
30
60
90
120
150
180
210
240
270
1
31
61
91
121
151
181
211
241
271
2
32
62
92
122
152
182
212
242
272
3
33
63
93
123
153
183
213
243
273
4
34
64
94
124
154
184
214
244
274
5
35
65
95
125
155
185
215
245
275
6
36
66
96
126
156
186
216
246
276
7
37
67
97
127
157
187
217
247
277
8
38
68
98
128
158
188
218
248
278
9
39
69
99
129
159
189
219
249
279
10
40
70
100
130
160
190
220
250
280
11
41
71
101
131
161
191
221
251
281
12
42
72
102
132
162
192
222
252
282
13
43
73
103
133
163
193
223
253
283
14
44
74
104
134
164
194
224
254
284
15
45
75
105
135
165
195
225
255
285
16
46
76
106
136
166
196
226
256
286
17
47
77
107
137
167
197
227
257
287
18
48
78
108
138
168
198
228
258
288
19
49
79
109
139
169
199
229
259
289
20
50
80
110
140
170
200
230
260
290
21
51
81
111
141
171
201
231
261
291
22
52
82
112
142
172
202
232
262
292
23
53
83
113
143
173
203
233
263
293
24
54
84
114
144
174
204
234
264
294
25
55
85
115
145
175
205
235
265
295
26
56
86
116
146
176
206
236
266
296
27
57
87
117
147
177
207
237
267
297
28
58
88
118
148
178
208
238
268
298
29
59
89
119
149
179
209
239
269
299
)


// ************************************************************************* //
