/*--------------------------------*- C++ -*----------------------------------*\
  =========                 |
  \\      /  F ield         | OpenFOAM: The Open Source CFD Toolbox
   \\    /   O peration     | Website:  https://openfoam.org
    \\  /    A nd           | Version:  7
     \\/     M anipulation  |
\*---------------------------------------------------------------------------*/
FoamFile
{
    version     2.0;
    format      ascii;
    class       vectorField;
    location    "constant/polyMesh";
    object      points;
}
// * * * * * * * * * * * * * * * * * * * * * * * * * * * * * * * * * * * * * //


682
(
(0 0 0)
(0.0003333333333 0 0)
(0.0006666666667 0 0)
(0.001 0 0)
(0.001333333333 0 0)
(0.001666666667 0 0)
(0.002 0 0)
(0.002333333333 0 0)
(0.002666666667 0 0)
(0.003 0 0)
(0.003333333333 0 0)
(0.003666666667 0 0)
(0.004 0 0)
(0.004333333333 0 0)
(0.004666666667 0 0)
(0.005 0 0)
(0.005333333333 0 0)
(0.005666666667 0 0)
(0.006 0 0)
(0.006333333333 0 0)
(0.006666666667 0 0)
(0.007 0 0)
(0.007333333333 0 0)
(0.007666666667 0 0)
(0.008 0 0)
(0.008333333333 0 0)
(0.008666666667 0 0)
(0.009 0 0)
(0.009333333333 0 0)
(0.009666666667 0 0)
(0.01 0 0)
(0 0.0002 0)
(0.0003333333333 0.0002 0)
(0.0006666666667 0.0002 0)
(0.001 0.0002 0)
(0.001333333333 0.0002 0)
(0.001666666667 0.0002 0)
(0.002 0.0002 0)
(0.002333333333 0.0002 0)
(0.002666666667 0.0002 0)
(0.003 0.0002 0)
(0.003333333333 0.0002 0)
(0.003666666667 0.0002 0)
(0.004 0.0002 0)
(0.004333333333 0.0002 0)
(0.004666666667 0.0002 0)
(0.005 0.0002 0)
(0.005333333333 0.0002 0)
(0.005666666667 0.0002 0)
(0.006 0.0002 0)
(0.006333333333 0.0002 0)
(0.006666666667 0.0002 0)
(0.007 0.0002 0)
(0.007333333333 0.0002 0)
(0.007666666667 0.0002 0)
(0.008 0.0002 0)
(0.008333333333 0.0002 0)
(0.008666666667 0.0002 0)
(0.009 0.0002 0)
(0.009333333333 0.0002 0)
(0.009666666667 0.0002 0)
(0.01 0.0002 0)
(0 0.0004 0)
(0.0003333333333 0.0004 0)
(0.0006666666667 0.0004 0)
(0.001 0.0004 0)
(0.001333333333 0.0004 0)
(0.001666666667 0.0004 0)
(0.002 0.0004 0)
(0.002333333333 0.0004 0)
(0.002666666667 0.0004 0)
(0.003 0.0004 0)
(0.003333333333 0.0004 0)
(0.003666666667 0.0004 0)
(0.004 0.0004 0)
(0.004333333333 0.0004 0)
(0.004666666667 0.0004 0)
(0.005 0.0004 0)
(0.005333333333 0.0004 0)
(0.005666666667 0.0004 0)
(0.006 0.0004 0)
(0.006333333333 0.0004 0)
(0.006666666667 0.0004 0)
(0.007 0.0004 0)
(0.007333333333 0.0004 0)
(0.007666666667 0.0004 0)
(0.008 0.0004 0)
(0.008333333333 0.0004 0)
(0.008666666667 0.0004 0)
(0.009 0.0004 0)
(0.009333333333 0.0004 0)
(0.009666666667 0.0004 0)
(0.01 0.0004 0)
(0 0.0006 0)
(0.0003333333333 0.0006 0)
(0.0006666666667 0.0006 0)
(0.001 0.0006 0)
(0.001333333333 0.0006 0)
(0.001666666667 0.0006 0)
(0.002 0.0006 0)
(0.002333333333 0.0006 0)
(0.002666666667 0.0006 0)
(0.003 0.0006 0)
(0.003333333333 0.0006 0)
(0.003666666667 0.0006 0)
(0.004 0.0006 0)
(0.004333333333 0.0006 0)
(0.004666666667 0.0006 0)
(0.005 0.0006 0)
(0.005333333333 0.0006 0)
(0.005666666667 0.0006 0)
(0.006 0.0006 0)
(0.006333333333 0.0006 0)
(0.006666666667 0.0006 0)
(0.007 0.0006 0)
(0.007333333333 0.0006 0)
(0.007666666667 0.0006 0)
(0.008 0.0006 0)
(0.008333333333 0.0006 0)
(0.008666666667 0.0006 0)
(0.009 0.0006 0)
(0.009333333333 0.0006 0)
(0.009666666667 0.0006 0)
(0.01 0.0006 0)
(0 0.0008 0)
(0.0003333333333 0.0008 0)
(0.0006666666667 0.0008 0)
(0.001 0.0008 0)
(0.001333333333 0.0008 0)
(0.001666666667 0.0008 0)
(0.002 0.0008 0)
(0.002333333333 0.0008 0)
(0.002666666667 0.0008 0)
(0.003 0.0008 0)
(0.003333333333 0.0008 0)
(0.003666666667 0.0008 0)
(0.004 0.0008 0)
(0.004333333333 0.0008 0)
(0.004666666667 0.0008 0)
(0.005 0.0008 0)
(0.005333333333 0.0008 0)
(0.005666666667 0.0008 0)
(0.006 0.0008 0)
(0.006333333333 0.0008 0)
(0.006666666667 0.0008 0)
(0.007 0.0008 0)
(0.007333333333 0.0008 0)
(0.007666666667 0.0008 0)
(0.008 0.0008 0)
(0.008333333333 0.0008 0)
(0.008666666667 0.0008 0)
(0.009 0.0008 0)
(0.009333333333 0.0008 0)
(0.009666666667 0.0008 0)
(0.01 0.0008 0)
(0 0.001 0)
(0.0003333333333 0.001 0)
(0.0006666666667 0.001 0)
(0.001 0.001 0)
(0.001333333333 0.001 0)
(0.001666666667 0.001 0)
(0.002 0.001 0)
(0.002333333333 0.001 0)
(0.002666666667 0.001 0)
(0.003 0.001 0)
(0.003333333333 0.001 0)
(0.003666666667 0.001 0)
(0.004 0.001 0)
(0.004333333333 0.001 0)
(0.004666666667 0.001 0)
(0.005 0.001 0)
(0.005333333333 0.001 0)
(0.005666666667 0.001 0)
(0.006 0.001 0)
(0.006333333333 0.001 0)
(0.006666666667 0.001 0)
(0.007 0.001 0)
(0.007333333333 0.001 0)
(0.007666666667 0.001 0)
(0.008 0.001 0)
(0.008333333333 0.001 0)
(0.008666666667 0.001 0)
(0.009 0.001 0)
(0.009333333333 0.001 0)
(0.009666666667 0.001 0)
(0.01 0.001 0)
(0 0.0012 0)
(0.0003333333333 0.0012 0)
(0.0006666666667 0.0012 0)
(0.001 0.0012 0)
(0.001333333333 0.0012 0)
(0.001666666667 0.0012 0)
(0.002 0.0012 0)
(0.002333333333 0.0012 0)
(0.002666666667 0.0012 0)
(0.003 0.0012 0)
(0.003333333333 0.0012 0)
(0.003666666667 0.0012 0)
(0.004 0.0012 0)
(0.004333333333 0.0012 0)
(0.004666666667 0.0012 0)
(0.005 0.0012 0)
(0.005333333333 0.0012 0)
(0.005666666667 0.0012 0)
(0.006 0.0012 0)
(0.006333333333 0.0012 0)
(0.006666666667 0.0012 0)
(0.007 0.0012 0)
(0.007333333333 0.0012 0)
(0.007666666667 0.0012 0)
(0.008 0.0012 0)
(0.008333333333 0.0012 0)
(0.008666666667 0.0012 0)
(0.009 0.0012 0)
(0.009333333333 0.0012 0)
(0.009666666667 0.0012 0)
(0.01 0.0012 0)
(0 0.0014 0)
(0.0003333333333 0.0014 0)
(0.0006666666667 0.0014 0)
(0.001 0.0014 0)
(0.001333333333 0.0014 0)
(0.001666666667 0.0014 0)
(0.002 0.0014 0)
(0.002333333333 0.0014 0)
(0.002666666667 0.0014 0)
(0.003 0.0014 0)
(0.003333333333 0.0014 0)
(0.003666666667 0.0014 0)
(0.004 0.0014 0)
(0.004333333333 0.0014 0)
(0.004666666667 0.0014 0)
(0.005 0.0014 0)
(0.005333333333 0.0014 0)
(0.005666666667 0.0014 0)
(0.006 0.0014 0)
(0.006333333333 0.0014 0)
(0.006666666667 0.0014 0)
(0.007 0.0014 0)
(0.007333333333 0.0014 0)
(0.007666666667 0.0014 0)
(0.008 0.0014 0)
(0.008333333333 0.0014 0)
(0.008666666667 0.0014 0)
(0.009 0.0014 0)
(0.009333333333 0.0014 0)
(0.009666666667 0.0014 0)
(0.01 0.0014 0)
(0 0.0016 0)
(0.0003333333333 0.0016 0)
(0.0006666666667 0.0016 0)
(0.001 0.0016 0)
(0.001333333333 0.0016 0)
(0.001666666667 0.0016 0)
(0.002 0.0016 0)
(0.002333333333 0.0016 0)
(0.002666666667 0.0016 0)
(0.003 0.0016 0)
(0.003333333333 0.0016 0)
(0.003666666667 0.0016 0)
(0.004 0.0016 0)
(0.004333333333 0.0016 0)
(0.004666666667 0.0016 0)
(0.005 0.0016 0)
(0.005333333333 0.0016 0)
(0.005666666667 0.0016 0)
(0.006 0.0016 0)
(0.006333333333 0.0016 0)
(0.006666666667 0.0016 0)
(0.007 0.0016 0)
(0.007333333333 0.0016 0)
(0.007666666667 0.0016 0)
(0.008 0.0016 0)
(0.008333333333 0.0016 0)
(0.008666666667 0.0016 0)
(0.009 0.0016 0)
(0.009333333333 0.0016 0)
(0.009666666667 0.0016 0)
(0.01 0.0016 0)
(0 0.0018 0)
(0.0003333333333 0.0018 0)
(0.0006666666667 0.0018 0)
(0.001 0.0018 0)
(0.001333333333 0.0018 0)
(0.001666666667 0.0018 0)
(0.002 0.0018 0)
(0.002333333333 0.0018 0)
(0.002666666667 0.0018 0)
(0.003 0.0018 0)
(0.003333333333 0.0018 0)
(0.003666666667 0.0018 0)
(0.004 0.0018 0)
(0.004333333333 0.0018 0)
(0.004666666667 0.0018 0)
(0.005 0.0018 0)
(0.005333333333 0.0018 0)
(0.005666666667 0.0018 0)
(0.006 0.0018 0)
(0.006333333333 0.0018 0)
(0.006666666667 0.0018 0)
(0.007 0.0018 0)
(0.007333333333 0.0018 0)
(0.007666666667 0.0018 0)
(0.008 0.0018 0)
(0.008333333333 0.0018 0)
(0.008666666667 0.0018 0)
(0.009 0.0018 0)
(0.009333333333 0.0018 0)
(0.009666666667 0.0018 0)
(0.01 0.0018 0)
(0 0.002 0)
(0.0003333333333 0.002 0)
(0.0006666666667 0.002 0)
(0.001 0.002 0)
(0.001333333333 0.002 0)
(0.001666666667 0.002 0)
(0.002 0.002 0)
(0.002333333333 0.002 0)
(0.002666666667 0.002 0)
(0.003 0.002 0)
(0.003333333333 0.002 0)
(0.003666666667 0.002 0)
(0.004 0.002 0)
(0.004333333333 0.002 0)
(0.004666666667 0.002 0)
(0.005 0.002 0)
(0.005333333333 0.002 0)
(0.005666666667 0.002 0)
(0.006 0.002 0)
(0.006333333333 0.002 0)
(0.006666666667 0.002 0)
(0.007 0.002 0)
(0.007333333333 0.002 0)
(0.007666666667 0.002 0)
(0.008 0.002 0)
(0.008333333333 0.002 0)
(0.008666666667 0.002 0)
(0.009 0.002 0)
(0.009333333333 0.002 0)
(0.009666666667 0.002 0)
(0.01 0.002 0)
(0 0 0.01)
(0.0003333333333 0 0.01)
(0.0006666666667 0 0.01)
(0.001 0 0.01)
(0.001333333333 0 0.01)
(0.001666666667 0 0.01)
(0.002 0 0.01)
(0.002333333333 0 0.01)
(0.002666666667 0 0.01)
(0.003 0 0.01)
(0.003333333333 0 0.01)
(0.003666666667 0 0.01)
(0.004 0 0.01)
(0.004333333333 0 0.01)
(0.004666666667 0 0.01)
(0.005 0 0.01)
(0.005333333333 0 0.01)
(0.005666666667 0 0.01)
(0.006 0 0.01)
(0.006333333333 0 0.01)
(0.006666666667 0 0.01)
(0.007 0 0.01)
(0.007333333333 0 0.01)
(0.007666666667 0 0.01)
(0.008 0 0.01)
(0.008333333333 0 0.01)
(0.008666666667 0 0.01)
(0.009 0 0.01)
(0.009333333333 0 0.01)
(0.009666666667 0 0.01)
(0.01 0 0.01)
(0 0.0002 0.01)
(0.0003333333333 0.0002 0.01)
(0.0006666666667 0.0002 0.01)
(0.001 0.0002 0.01)
(0.001333333333 0.0002 0.01)
(0.001666666667 0.0002 0.01)
(0.002 0.0002 0.01)
(0.002333333333 0.0002 0.01)
(0.002666666667 0.0002 0.01)
(0.003 0.0002 0.01)
(0.003333333333 0.0002 0.01)
(0.003666666667 0.0002 0.01)
(0.004 0.0002 0.01)
(0.004333333333 0.0002 0.01)
(0.004666666667 0.0002 0.01)
(0.005 0.0002 0.01)
(0.005333333333 0.0002 0.01)
(0.005666666667 0.0002 0.01)
(0.006 0.0002 0.01)
(0.006333333333 0.0002 0.01)
(0.006666666667 0.0002 0.01)
(0.007 0.0002 0.01)
(0.007333333333 0.0002 0.01)
(0.007666666667 0.0002 0.01)
(0.008 0.0002 0.01)
(0.008333333333 0.0002 0.01)
(0.008666666667 0.0002 0.01)
(0.009 0.0002 0.01)
(0.009333333333 0.0002 0.01)
(0.009666666667 0.0002 0.01)
(0.01 0.0002 0.01)
(0 0.0004 0.01)
(0.0003333333333 0.0004 0.01)
(0.0006666666667 0.0004 0.01)
(0.001 0.0004 0.01)
(0.001333333333 0.0004 0.01)
(0.001666666667 0.0004 0.01)
(0.002 0.0004 0.01)
(0.002333333333 0.0004 0.01)
(0.002666666667 0.0004 0.01)
(0.003 0.0004 0.01)
(0.003333333333 0.0004 0.01)
(0.003666666667 0.0004 0.01)
(0.004 0.0004 0.01)
(0.004333333333 0.0004 0.01)
(0.004666666667 0.0004 0.01)
(0.005 0.0004 0.01)
(0.005333333333 0.0004 0.01)
(0.005666666667 0.0004 0.01)
(0.006 0.0004 0.01)
(0.006333333333 0.0004 0.01)
(0.006666666667 0.0004 0.01)
(0.007 0.0004 0.01)
(0.007333333333 0.0004 0.01)
(0.007666666667 0.0004 0.01)
(0.008 0.0004 0.01)
(0.008333333333 0.0004 0.01)
(0.008666666667 0.0004 0.01)
(0.009 0.0004 0.01)
(0.009333333333 0.0004 0.01)
(0.009666666667 0.0004 0.01)
(0.01 0.0004 0.01)
(0 0.0006 0.01)
(0.0003333333333 0.0006 0.01)
(0.0006666666667 0.0006 0.01)
(0.001 0.0006 0.01)
(0.001333333333 0.0006 0.01)
(0.001666666667 0.0006 0.01)
(0.002 0.0006 0.01)
(0.002333333333 0.0006 0.01)
(0.002666666667 0.0006 0.01)
(0.003 0.0006 0.01)
(0.003333333333 0.0006 0.01)
(0.003666666667 0.0006 0.01)
(0.004 0.0006 0.01)
(0.004333333333 0.0006 0.01)
(0.004666666667 0.0006 0.01)
(0.005 0.0006 0.01)
(0.005333333333 0.0006 0.01)
(0.005666666667 0.0006 0.01)
(0.006 0.0006 0.01)
(0.006333333333 0.0006 0.01)
(0.006666666667 0.0006 0.01)
(0.007 0.0006 0.01)
(0.007333333333 0.0006 0.01)
(0.007666666667 0.0006 0.01)
(0.008 0.0006 0.01)
(0.008333333333 0.0006 0.01)
(0.008666666667 0.0006 0.01)
(0.009 0.0006 0.01)
(0.009333333333 0.0006 0.01)
(0.009666666667 0.0006 0.01)
(0.01 0.0006 0.01)
(0 0.0008 0.01)
(0.0003333333333 0.0008 0.01)
(0.0006666666667 0.0008 0.01)
(0.001 0.0008 0.01)
(0.001333333333 0.0008 0.01)
(0.001666666667 0.0008 0.01)
(0.002 0.0008 0.01)
(0.002333333333 0.0008 0.01)
(0.002666666667 0.0008 0.01)
(0.003 0.0008 0.01)
(0.003333333333 0.0008 0.01)
(0.003666666667 0.0008 0.01)
(0.004 0.0008 0.01)
(0.004333333333 0.0008 0.01)
(0.004666666667 0.0008 0.01)
(0.005 0.0008 0.01)
(0.005333333333 0.0008 0.01)
(0.005666666667 0.0008 0.01)
(0.006 0.0008 0.01)
(0.006333333333 0.0008 0.01)
(0.006666666667 0.0008 0.01)
(0.007 0.0008 0.01)
(0.007333333333 0.0008 0.01)
(0.007666666667 0.0008 0.01)
(0.008 0.0008 0.01)
(0.008333333333 0.0008 0.01)
(0.008666666667 0.0008 0.01)
(0.009 0.0008 0.01)
(0.009333333333 0.0008 0.01)
(0.009666666667 0.0008 0.01)
(0.01 0.0008 0.01)
(0 0.001 0.01)
(0.0003333333333 0.001 0.01)
(0.0006666666667 0.001 0.01)
(0.001 0.001 0.01)
(0.001333333333 0.001 0.01)
(0.001666666667 0.001 0.01)
(0.002 0.001 0.01)
(0.002333333333 0.001 0.01)
(0.002666666667 0.001 0.01)
(0.003 0.001 0.01)
(0.003333333333 0.001 0.01)
(0.003666666667 0.001 0.01)
(0.004 0.001 0.01)
(0.004333333333 0.001 0.01)
(0.004666666667 0.001 0.01)
(0.005 0.001 0.01)
(0.005333333333 0.001 0.01)
(0.005666666667 0.001 0.01)
(0.006 0.001 0.01)
(0.006333333333 0.001 0.01)
(0.006666666667 0.001 0.01)
(0.007 0.001 0.01)
(0.007333333333 0.001 0.01)
(0.007666666667 0.001 0.01)
(0.008 0.001 0.01)
(0.008333333333 0.001 0.01)
(0.008666666667 0.001 0.01)
(0.009 0.001 0.01)
(0.009333333333 0.001 0.01)
(0.009666666667 0.001 0.01)
(0.01 0.001 0.01)
(0 0.0012 0.01)
(0.0003333333333 0.0012 0.01)
(0.0006666666667 0.0012 0.01)
(0.001 0.0012 0.01)
(0.001333333333 0.0012 0.01)
(0.001666666667 0.0012 0.01)
(0.002 0.0012 0.01)
(0.002333333333 0.0012 0.01)
(0.002666666667 0.0012 0.01)
(0.003 0.0012 0.01)
(0.003333333333 0.0012 0.01)
(0.003666666667 0.0012 0.01)
(0.004 0.0012 0.01)
(0.004333333333 0.0012 0.01)
(0.004666666667 0.0012 0.01)
(0.005 0.0012 0.01)
(0.005333333333 0.0012 0.01)
(0.005666666667 0.0012 0.01)
(0.006 0.0012 0.01)
(0.006333333333 0.0012 0.01)
(0.006666666667 0.0012 0.01)
(0.007 0.0012 0.01)
(0.007333333333 0.0012 0.01)
(0.007666666667 0.0012 0.01)
(0.008 0.0012 0.01)
(0.008333333333 0.0012 0.01)
(0.008666666667 0.0012 0.01)
(0.009 0.0012 0.01)
(0.009333333333 0.0012 0.01)
(0.009666666667 0.0012 0.01)
(0.01 0.0012 0.01)
(0 0.0014 0.01)
(0.0003333333333 0.0014 0.01)
(0.0006666666667 0.0014 0.01)
(0.001 0.0014 0.01)
(0.001333333333 0.0014 0.01)
(0.001666666667 0.0014 0.01)
(0.002 0.0014 0.01)
(0.002333333333 0.0014 0.01)
(0.002666666667 0.0014 0.01)
(0.003 0.0014 0.01)
(0.003333333333 0.0014 0.01)
(0.003666666667 0.0014 0.01)
(0.004 0.0014 0.01)
(0.004333333333 0.0014 0.01)
(0.004666666667 0.0014 0.01)
(0.005 0.0014 0.01)
(0.005333333333 0.0014 0.01)
(0.005666666667 0.0014 0.01)
(0.006 0.0014 0.01)
(0.006333333333 0.0014 0.01)
(0.006666666667 0.0014 0.01)
(0.007 0.0014 0.01)
(0.007333333333 0.0014 0.01)
(0.007666666667 0.0014 0.01)
(0.008 0.0014 0.01)
(0.008333333333 0.0014 0.01)
(0.008666666667 0.0014 0.01)
(0.009 0.0014 0.01)
(0.009333333333 0.0014 0.01)
(0.009666666667 0.0014 0.01)
(0.01 0.0014 0.01)
(0 0.0016 0.01)
(0.0003333333333 0.0016 0.01)
(0.0006666666667 0.0016 0.01)
(0.001 0.0016 0.01)
(0.001333333333 0.0016 0.01)
(0.001666666667 0.0016 0.01)
(0.002 0.0016 0.01)
(0.002333333333 0.0016 0.01)
(0.002666666667 0.0016 0.01)
(0.003 0.0016 0.01)
(0.003333333333 0.0016 0.01)
(0.003666666667 0.0016 0.01)
(0.004 0.0016 0.01)
(0.004333333333 0.0016 0.01)
(0.004666666667 0.0016 0.01)
(0.005 0.0016 0.01)
(0.005333333333 0.0016 0.01)
(0.005666666667 0.0016 0.01)
(0.006 0.0016 0.01)
(0.006333333333 0.0016 0.01)
(0.006666666667 0.0016 0.01)
(0.007 0.0016 0.01)
(0.007333333333 0.0016 0.01)
(0.007666666667 0.0016 0.01)
(0.008 0.0016 0.01)
(0.008333333333 0.0016 0.01)
(0.008666666667 0.0016 0.01)
(0.009 0.0016 0.01)
(0.009333333333 0.0016 0.01)
(0.009666666667 0.0016 0.01)
(0.01 0.0016 0.01)
(0 0.0018 0.01)
(0.0003333333333 0.0018 0.01)
(0.0006666666667 0.0018 0.01)
(0.001 0.0018 0.01)
(0.001333333333 0.0018 0.01)
(0.001666666667 0.0018 0.01)
(0.002 0.0018 0.01)
(0.002333333333 0.0018 0.01)
(0.002666666667 0.0018 0.01)
(0.003 0.0018 0.01)
(0.003333333333 0.0018 0.01)
(0.003666666667 0.0018 0.01)
(0.004 0.0018 0.01)
(0.004333333333 0.0018 0.01)
(0.004666666667 0.0018 0.01)
(0.005 0.0018 0.01)
(0.005333333333 0.0018 0.01)
(0.005666666667 0.0018 0.01)
(0.006 0.0018 0.01)
(0.006333333333 0.0018 0.01)
(0.006666666667 0.0018 0.01)
(0.007 0.0018 0.01)
(0.007333333333 0.0018 0.01)
(0.007666666667 0.0018 0.01)
(0.008 0.0018 0.01)
(0.008333333333 0.0018 0.01)
(0.008666666667 0.0018 0.01)
(0.009 0.0018 0.01)
(0.009333333333 0.0018 0.01)
(0.009666666667 0.0018 0.01)
(0.01 0.0018 0.01)
(0 0.002 0.01)
(0.0003333333333 0.002 0.01)
(0.0006666666667 0.002 0.01)
(0.001 0.002 0.01)
(0.001333333333 0.002 0.01)
(0.001666666667 0.002 0.01)
(0.002 0.002 0.01)
(0.002333333333 0.002 0.01)
(0.002666666667 0.002 0.01)
(0.003 0.002 0.01)
(0.003333333333 0.002 0.01)
(0.003666666667 0.002 0.01)
(0.004 0.002 0.01)
(0.004333333333 0.002 0.01)
(0.004666666667 0.002 0.01)
(0.005 0.002 0.01)
(0.005333333333 0.002 0.01)
(0.005666666667 0.002 0.01)
(0.006 0.002 0.01)
(0.006333333333 0.002 0.01)
(0.006666666667 0.002 0.01)
(0.007 0.002 0.01)
(0.007333333333 0.002 0.01)
(0.007666666667 0.002 0.01)
(0.008 0.002 0.01)
(0.008333333333 0.002 0.01)
(0.008666666667 0.002 0.01)
(0.009 0.002 0.01)
(0.009333333333 0.002 0.01)
(0.009666666667 0.002 0.01)
(0.01 0.002 0.01)
)


// ************************************************************************* //
